camera_matrix:
  - [920.0, 0.0, 640.0]
  - [0.0, 920.0, 360.0]
  - [0.0, 0.0, 1.0]

# OpenCV distortion order: [k1, k2, p1, p2, k3]
dist_coeffs: [0.0, 0.0, 0.0, 0.0, 0.0]
